0|/etc/passwd|131090|rw-r--r--|0|0|336|1760651703|1739266195|1739266195|1737374400
0|/etc/ssh/sshd_config.d/50-local.conf|131310|rw-r--r--|0|0|113|1759737495|1743612690|1743612690|1743612690
0|/etc/sudoers.d/deploy|131201|r--r-----|0|0|120|1760651620|1743612249|1743612249|1743612249
0|/home/deploy/.bash_history|393501|rw-------|1001|1001|178|1760652312|1760652312|1760652312|1739266272
0|/tmp/.font-unix|655361|rwxrwxrwt|0|0|4096|1759737491|1759737491|1759737491|1759737491
0|/usr/lib/x86_64-linux-gnu/libcrypto.so.1.137|700137|rw-r--r--|0|0|136166|1757523760|1757523760|1757523760|1757523760
0|/usr/lib/x86_64-linux-gnu/libcrypto.so.1.87|700087|rw-r--r--|0|0|779739|1752771842|1752771842|1752771842|1752771842
0|/usr/lib/x86_64-linux-gnu/libcrypto.so.2.35|700035|rw-r--r--|0|0|808024|1756120143|1756120143|1756120143|1756120143
0|/usr/lib/x86_64-linux-gnu/libcrypto.so.3.122|700122|rw-r--r--|0|0|827269|1736503502|1736503502|1736503502|1736503502
0|/usr/lib/x86_64-linux-gnu/libcrypto.so.3.45|700045|rw-r--r--|0|0|560158|1754058352|1754058352|1754058352|1754058352
0|/usr/lib/x86_64-linux-gnu/libcrypto.so.3.64|700064|rw-r--r--|0|0|443761|1743514861|1743514861|1743514861|1743514861
0|/usr/lib/x86_64-linux-gnu/libcrypto.so.4.136|700136|rw-r--r--|0|0|206690|1747496383|1747496383|1747496383|1747496383
0|/usr/lib/x86_64-linux-gnu/libcrypto.so.4.18|700018|rw-r--r--|0|0|889345|1747648868|1747648868|1747648868|1747648868
0|/usr/lib/x86_64-linux-gnu/libcrypto.so.4.91|700091|rw-r--r--|0|0|793104|1741532637|1741532637|1741532637|1741532637
0|/usr/lib/x86_64-linux-gnu/libcrypto.so.5.124|700124|rw-r--r--|0|0|606189|1755611412|1755611412|1755611412|1755611412
0|/usr/lib/x86_64-linux-gnu/libcrypto.so.5.51|700051|rw-r--r--|0|0|432791|1757245222|1757245222|1757245222|1757245222
0|/usr/lib/x86_64-linux-gnu/libcrypto.so.5.59|700059|rw-r--r--|0|0|89251|1751118244|1751118244|1751118244|1751118244
0|/usr/lib/x86_64-linux-gnu/libcrypto.so.6.3|700003|rw-r--r--|0|0|165587|1758538104|1758538104|1758538104|1758538104
0|/usr/lib/x86_64-linux-gnu/libcrypto.so.8.53|700053|rw-r--r--|0|0|434233|1741176436|1741176436|1741176436|1741176436
0|/usr/lib/x86_64-linux-gnu/libcrypto.so.9.71|700071|rw-r--r--|0|0|436949|1745159426|1745159426|1745159426|1745159426
0|/usr/lib/x86_64-linux-gnu/libcurl.so.1.109|700109|rw-r--r--|0|0|74190|1751713090|1751713090|1751713090|1751713090
0|/usr/lib/x86_64-linux-gnu/libcurl.so.1.75|700075|rw-r--r--|0|0|811163|1755619848|1755619848|1755619848|1755619848
0|/usr/lib/x86_64-linux-gnu/libcurl.so.1.83|700083|rw-r--r--|0|0|416273|1743681536|1743681536|1743681536|1743681536
0|/usr/lib/x86_64-linux-gnu/libcurl.so.2.127|700127|rw-r--r--|0|0|741320|1735931554|1735931554|1735931554|1735931554
0|/usr/lib/x86_64-linux-gnu/libcurl.so.2.63|700063|rw-r--r--|0|0|47976|1757678209|1757678209|1757678209|1757678209
0|/usr/lib/x86_64-linux-gnu/libcurl.so.3.120|700120|rw-r--r--|0|0|610109|1742921891|1742921891|1742921891|1742921891
0|/usr/lib/x86_64-linux-gnu/libcurl.so.4.70|700070|rw-r--r--|0|0|592657|1738775915|1738775915|1738775915|1738775915
0|/usr/lib/x86_64-linux-gnu/libcurl.so.4.98|700098|rw-r--r--|0|0|248078|1745151559|1745151559|1745151559|1745151559
0|/usr/lib/x86_64-linux-gnu/libcurl.so.5.117|700117|rw-r--r--|0|0|381472|1748455444|1748455444|1748455444|1748455444
0|/usr/lib/x86_64-linux-gnu/libcurl.so.5.72|700072|rw-r--r--|0|0|164571|1746632924|1746632924|1746632924|1746632924
0|/usr/lib/x86_64-linux-gnu/libcurl.so.7.31|700031|rw-r--r--|0|0|647586|1741708689|1741708689|1741708689|1741708689
0|/usr/lib/x86_64-linux-gnu/libcurl.so.7.85|700085|rw-r--r--|0|0|595697|1739702837|1739702837|1739702837|1739702837
0|/usr/lib/x86_64-linux-gnu/libcurl.so.8.40|700040|rw-r--r--|0|0|140690|1752491477|1752491477|1752491477|1752491477
0|/usr/lib/x86_64-linux-gnu/libcurl.so.9.113|700113|rw-r--r--|0|0|542952|1750588429|1750588429|1750588429|1750588429
0|/usr/lib/x86_64-linux-gnu/libcurl.so.9.58|700058|rw-r--r--|0|0|458597|1742125777|1742125777|1742125777|1742125777
0|/usr/lib/x86_64-linux-gnu/libffi.so.2.123|700123|rw-r--r--|0|0|899928|1749652156|1749652156|1749652156|1749652156
0|/usr/lib/x86_64-linux-gnu/libffi.so.2.48|700048|rw-r--r--|0|0|315119|1751540723|1751540723|1751540723|1751540723
0|/usr/lib/x86_64-linux-gnu/libffi.so.2.56|700056|rw-r--r--|0|0|391284|1742236122|1742236122|1742236122|1742236122
0|/usr/lib/x86_64-linux-gnu/libffi.so.3.67|700067|rw-r--r--|0|0|280406|1755865665|1755865665|1755865665|1755865665
0|/usr/lib/x86_64-linux-gnu/libffi.so.4.100|700100|rw-r--r--|0|0|136969|1736595794|1736595794|1736595794|1736595794
0|/usr/lib/x86_64-linux-gnu/libffi.so.4.110|700110|rw-r--r--|0|0|549761|1736447200|1736447200|1736447200|1736447200
0|/usr/lib/x86_64-linux-gnu/libffi.so.4.15|700015|rw-r--r--|0|0|390765|1754158659|1754158659|1754158659|1754158659
0|/usr/lib/x86_64-linux-gnu/libffi.so.4.49|700049|rw-r--r--|0|0|256786|1758647019|1758647019|1758647019|1758647019
0|/usr/lib/x86_64-linux-gnu/libffi.so.4.66|700066|rw-r--r--|0|0|854880|1757685324|1757685324|1757685324|1757685324
0|/usr/lib/x86_64-linux-gnu/libffi.so.6.0|700000|rw-r--r--|0|0|89623|1757863499|1757863499|1757863499|1757863499
0|/usr/lib/x86_64-linux-gnu/libffi.so.6.33|700033|rw-r--r--|0|0|549607|1757171214|1757171214|1757171214|1757171214
0|/usr/lib/x86_64-linux-gnu/libffi.so.8.1|700001|rw-r--r--|0|0|410399|1759076758|1759076758|1759076758|1759076758
0|/usr/lib/x86_64-linux-gnu/libffi.so.8.128|700128|rw-r--r--|0|0|895569|1744115157|1744115157|1744115157|1744115157
0|/usr/lib/x86_64-linux-gnu/libffi.so.8.38|700038|rw-r--r--|0|0|792665|1750591204|1750591204|1750591204|1750591204
0|/usr/lib/x86_64-linux-gnu/libffi.so.8.41|700041|rw-r--r--|0|0|437328|1757791687|1757791687|1757791687|1757791687
0|/usr/lib/x86_64-linux-gnu/libffi.so.8.78|700078|rw-r--r--|0|0|234836|1753558457|1753558457|1753558457|1753558457
0|/usr/lib/x86_64-linux-gnu/libffi.so.9.7|700007|rw-r--r--|0|0|179552|1755789503|1755789503|1755789503|1755789503
0|/usr/lib/x86_64-linux-gnu/libgnutls.so.1.11|700011|rw-r--r--|0|0|802026|1747307399|1747307399|1747307399|1747307399
0|/usr/lib/x86_64-linux-gnu/libgnutls.so.1.9|700009|rw-r--r--|0|0|358542|1750087812|1750087812|1750087812|1750087812
0|/usr/lib/x86_64-linux-gnu/libgnutls.so.2.129|700129|rw-r--r--|0|0|76064|1747310451|1747310451|1747310451|1747310451
0|/usr/lib/x86_64-linux-gnu/libgnutls.so.2.47|700047|rw-r--r--|0|0|310141|1746107387|1746107387|1746107387|1746107387
0|/usr/lib/x86_64-linux-gnu/libgnutls.so.3.57|700057|rw-r--r--|0|0|433051|1735844786|1735844786|1735844786|1735844786
0|/usr/lib/x86_64-linux-gnu/libgnutls.so.3.73|700073|rw-r--r--|0|0|509922|1756149212|1756149212|1756149212|1756149212
0|/usr/lib/x86_64-linux-gnu/libgnutls.so.3.95|700095|rw-r--r--|0|0|370256|1752436282|1752436282|1752436282|1752436282
0|/usr/lib/x86_64-linux-gnu/libgnutls.so.4.2|700002|rw-r--r--|0|0|52099|1749466768|1749466768|1749466768|1749466768
0|/usr/lib/x86_64-linux-gnu/libgnutls.so.4.97|700097|rw-r--r--|0|0|117888|1736075610|1736075610|1736075610|1736075610
0|/usr/lib/x86_64-linux-gnu/libgnutls.so.5.106|700106|rw-r--r--|0|0|158165|1738582302|1738582302|1738582302|1738582302
0|/usr/lib/x86_64-linux-gnu/libgnutls.so.5.23|700023|rw-r--r--|0|0|188344|1752595294|1752595294|1752595294|1752595294
0|/usr/lib/x86_64-linux-gnu/libgnutls.so.5.99|700099|rw-r--r--|0|0|485904|1754735561|1754735561|1754735561|1754735561
0|/usr/lib/x86_64-linux-gnu/libgnutls.so.6.102|700102|rw-r--r--|0|0|50752|1755802996|1755802996|1755802996|1755802996
0|/usr/lib/x86_64-linux-gnu/libgnutls.so.6.125|700125|rw-r--r--|0|0|601975|1739555880|1739555880|1739555880|1739555880
0|/usr/lib/x86_64-linux-gnu/libgnutls.so.6.130|700130|rw-r--r--|0|0|499046|1742840473|1742840473|1742840473|1742840473
0|/usr/lib/x86_64-linux-gnu/libgnutls.so.6.29|700029|rw-r--r--|0|0|153244|1739302929|1739302929|1739302929|1739302929
0|/usr/lib/x86_64-linux-gnu/libgnutls.so.6.39|700039|rw-r--r--|0|0|165324|1741613064|1741613064|1741613064|1741613064
0|/usr/lib/x86_64-linux-gnu/libgnutls.so.6.82|700082|rw-r--r--|0|0|257271|1741805325|1741805325|1741805325|1741805325
0|/usr/lib/x86_64-linux-gnu/libgnutls.so.7.138|700138|rw-r--r--|0|0|393352|1739705742|1739705742|1739705742|1739705742
0|/usr/lib/x86_64-linux-gnu/libgnutls.so.8.116|700116|rw-r--r--|0|0|892328|1749315041|1749315041|1749315041|1749315041
0|/usr/lib/x86_64-linux-gnu/libgnutls.so.8.8|700008|rw-r--r--|0|0|604433|1756312908|1756312908|1756312908|1756312908
0|/usr/lib/x86_64-linux-gnu/libgnutls.so.9.101|700101|rw-r--r--|0|0|736561|1754589278|1754589278|1754589278|1754589278
0|/usr/lib/x86_64-linux-gnu/libgnutls.so.9.17|700017|rw-r--r--|0|0|444243|1744713432|1744713432|1744713432|1744713432
0|/usr/lib/x86_64-linux-gnu/libpcre2.so.1.68|700068|rw-r--r--|0|0|517994|1758291055|1758291055|1758291055|1758291055
0|/usr/lib/x86_64-linux-gnu/libpcre2.so.2.52|700052|rw-r--r--|0|0|568921|1737891651|1737891651|1737891651|1737891651
0|/usr/lib/x86_64-linux-gnu/libpcre2.so.3.21|700021|rw-r--r--|0|0|701933|1744558135|1744558135|1744558135|1744558135
0|/usr/lib/x86_64-linux-gnu/libpcre2.so.3.22|700022|rw-r--r--|0|0|460623|1754919293|1754919293|1754919293|1754919293
0|/usr/lib/x86_64-linux-gnu/libpcre2.so.4.88|700088|rw-r--r--|0|0|377688|1752521122|1752521122|1752521122|1752521122
0|/usr/lib/x86_64-linux-gnu/libpcre2.so.4.96|700096|rw-r--r--|0|0|31234|1748012946|1748012946|1748012946|1748012946
0|/usr/lib/x86_64-linux-gnu/libpcre2.so.5.43|700043|rw-r--r--|0|0|194411|1736710135|1736710135|1736710135|1736710135
0|/usr/lib/x86_64-linux-gnu/libpcre2.so.6.80|700080|rw-r--r--|0|0|716749|1744121260|1744121260|1744121260|1744121260
0|/usr/lib/x86_64-linux-gnu/libpcre2.so.7.19|700019|rw-r--r--|0|0|291719|1740505039|1740505039|1740505039|1740505039
0|/usr/lib/x86_64-linux-gnu/libpcre2.so.7.54|700054|rw-r--r--|0|0|81242|1749564459|1749564459|1749564459|1749564459
0|/usr/lib/x86_64-linux-gnu/libpcre2.so.7.62|700062|rw-r--r--|0|0|524218|1754765893|1754765893|1754765893|1754765893
0|/usr/lib/x86_64-linux-gnu/libpcre2.so.7.86|700086|rw-r--r--|0|0|535537|1752752155|1752752155|1752752155|1752752155
0|/usr/lib/x86_64-linux-gnu/libpcre2.so.8.5|700005|rw-r--r--|0|0|531991|1756305581|1756305581|1756305581|1756305581
0|/usr/lib/x86_64-linux-gnu/libpcre2.so.8.84|700084|rw-r--r--|0|0|524223|1736249307|1736249307|1736249307|1736249307
0|/usr/lib/x86_64-linux-gnu/libpcre2.so.9.103|700103|rw-r--r--|0|0|632759|1746900594|1746900594|1746900594|1746900594
0|/usr/lib/x86_64-linux-gnu/libpcre2.so.9.13|700013|rw-r--r--|0|0|96196|1742499008|1742499008|1742499008|1742499008
0|/usr/lib/x86_64-linux-gnu/libpcre2.so.9.16|700016|rw-r--r--|0|0|226504|1746449959|1746449959|1746449959|1746449959
0|/usr/lib/x86_64-linux-gnu/libssl.so.1.132|700132|rw-r--r--|0|0|306187|1747578772|1747578772|1747578772|1747578772
0|/usr/lib/x86_64-linux-gnu/libssl.so.1.24|700024|rw-r--r--|0|0|368321|1758389535|1758389535|1758389535|1758389535
0|/usr/lib/x86_64-linux-gnu/libssl.so.1.89|700089|rw-r--r--|0|0|497307|1758736094|1758736094|1758736094|1758736094
0|/usr/lib/x86_64-linux-gnu/libssl.so.2.65|700065|rw-r--r--|0|0|332071|1741109943|1741109943|1741109943|1741109943
0|/usr/lib/x86_64-linux-gnu/libssl.so.2.76|700076|rw-r--r--|0|0|545830|1749748120|1749748120|1749748120|1749748120
0|/usr/lib/x86_64-linux-gnu/libssl.so.4.133|700133|rw-r--r--|0|0|396442|1755019534|1755019534|1755019534|1755019534
0|/usr/lib/x86_64-linux-gnu/libssl.so.4.36|700036|rw-r--r--|0|0|367969|1737125468|1737125468|1737125468|1737125468
0|/usr/lib/x86_64-linux-gnu/libssl.so.4.79|700079|rw-r--r--|0|0|85510|1748366785|1748366785|1748366785|1748366785
0|/usr/lib/x86_64-linux-gnu/libssl.so.5.105|700105|rw-r--r--|0|0|105497|1744897845|1744897845|1744897845|1744897845
0|/usr/lib/x86_64-linux-gnu/libssl.so.5.119|700119|rw-r--r--|0|0|169926|1737646228|1737646228|1737646228|1737646228
0|/usr/lib/x86_64-linux-gnu/libssl.so.5.131|700131|rw-r--r--|0|0|573771|1756226776|1756226776|1756226776|1756226776
0|/usr/lib/x86_64-linux-gnu/libssl.so.5.42|700042|rw-r--r--|0|0|751498|1741258785|1741258785|1741258785|1741258785
0|/usr/lib/x86_64-linux-gnu/libssl.so.5.81|700081|rw-r--r--|0|0|172500|1747821648|1747821648|1747821648|1747821648
0|/usr/lib/x86_64-linux-gnu/libssl.so.5.93|700093|rw-r--r--|0|0|853247|1740163196|1740163196|1740163196|1740163196
0|/usr/lib/x86_64-linux-gnu/libssl.so.6.37|700037|rw-r--r--|0|0|572150|1744391209|1744391209|1744391209|1744391209
0|/usr/lib/x86_64-linux-gnu/libssl.so.6.61|700061|rw-r--r--|0|0|664624|1746710443|1746710443|1746710443|1746710443
0|/usr/lib/x86_64-linux-gnu/libssl.so.7.139|700139|rw-r--r--|0|0|409102|1739730195|1739730195|1739730195|1739730195
0|/usr/lib/x86_64-linux-gnu/libssl.so.7.14|700014|rw-r--r--|0|0|340630|1747405338|1747405338|1747405338|1747405338
0|/usr/lib/x86_64-linux-gnu/libssl.so.7.26|700026|rw-r--r--|0|0|349463|1755101680|1755101680|1755101680|1755101680
0|/usr/lib/x86_64-linux-gnu/libssl.so.7.55|700055|rw-r--r--|0|0|457833|1742120806|1742120806|1742120806|1742120806
0|/usr/lib/x86_64-linux-gnu/libssl.so.8.114|700114|rw-r--r--|0|0|424356|1753005753|1753005753|1753005753|1753005753
0|/usr/lib/x86_64-linux-gnu/libssl.so.8.92|700092|rw-r--r--|0|0|420027|1747586608|1747586608|1747586608|1747586608
0|/usr/lib/x86_64-linux-gnu/libssl.so.8.94|700094|rw-r--r--|0|0|290681|1739475366|1739475366|1739475366|1739475366
0|/usr/lib/x86_64-linux-gnu/libssl.so.9.118|700118|rw-r--r--|0|0|427067|1738419800|1738419800|1738419800|1738419800
0|/usr/lib/x86_64-linux-gnu/libssl.so.9.90|700090|rw-r--r--|0|0|899343|1755459269|1755459269|1755459269|1755459269
0|/usr/lib/x86_64-linux-gnu/libxml2.so.1.112|700112|rw-r--r--|0|0|176609|1756398386|1756398386|1756398386|1756398386
0|/usr/lib/x86_64-linux-gnu/libxml2.so.5.10|700010|rw-r--r--|0|0|65146|1754063547|1754063547|1754063547|1754063547
0|/usr/lib/x86_64-linux-gnu/libxml2.so.5.108|700108|rw-r--r--|0|0|767158|1754222178|1754222178|1754222178|1754222178
0|/usr/lib/x86_64-linux-gnu/libxml2.so.5.134|700134|rw-r--r--|0|0|662920|1741871498|1741871498|1741871498|1741871498
0|/usr/lib/x86_64-linux-gnu/libxml2.so.5.50|700050|rw-r--r--|0|0|299230|1759084542|1759084542|1759084542|1759084542
0|/usr/lib/x86_64-linux-gnu/libxml2.so.6.44|700044|rw-r--r--|0|0|795860|1750792011|1750792011|1750792011|1750792011
0|/usr/lib/x86_64-linux-gnu/libxml2.so.7.107|700107|rw-r--r--|0|0|454926|1737731293|1737731293|1737731293|1737731293
0|/usr/lib/x86_64-linux-gnu/libxml2.so.7.111|700111|rw-r--r--|0|0|884099|1755373100|1755373100|1755373100|1755373100
0|/usr/lib/x86_64-linux-gnu/libxml2.so.7.126|700126|rw-r--r--|0|0|839199|1739120663|1739120663|1739120663|1739120663
0|/usr/lib/x86_64-linux-gnu/libxml2.so.7.74|700074|rw-r--r--|0|0|35974|1758120824|1758120824|1758120824|1758120824
0|/usr/lib/x86_64-linux-gnu/libxml2.so.8.135|700135|rw-r--r--|0|0|239162|1758299015|1758299015|1758299015|1758299015
0|/usr/lib/x86_64-linux-gnu/libxml2.so.8.25|700025|rw-r--r--|0|0|441763|1742736222|1742736222|1742736222|1742736222
0|/usr/lib/x86_64-linux-gnu/libxml2.so.8.69|700069|rw-r--r--|0|0|270894|1746793126|1746793126|1746793126|1746793126
0|/usr/lib/x86_64-linux-gnu/libxml2.so.9.28|700028|rw-r--r--|0|0|839714|1743857529|1743857529|1743857529|1743857529
0|/usr/lib/x86_64-linux-gnu/libxml2.so.9.30|700030|rw-r--r--|0|0|328368|1744570085|1744570085|1744570085|1744570085
0|/usr/lib/x86_64-linux-gnu/libxml2.so.9.4|700004|rw-r--r--|0|0|598942|1757770429|1757770429|1757770429|1757770429
0|/usr/lib/x86_64-linux-gnu/libxml2.so.9.77|700077|rw-r--r--|0|0|42494|1737987646|1737987646|1737987646|1737987646
0|/usr/lib/x86_64-linux-gnu/libz.so.1.27|700027|rw-r--r--|0|0|689236|1736078480|1736078480|1736078480|1736078480
0|/usr/lib/x86_64-linux-gnu/libz.so.2.115|700115|rw-r--r--|0|0|898761|1750934966|1750934966|1750934966|1750934966
0|/usr/lib/x86_64-linux-gnu/libz.so.2.32|700032|rw-r--r--|0|0|671220|1754580468|1754580468|1754580468|1754580468
0|/usr/lib/x86_64-linux-gnu/libz.so.2.6|700006|rw-r--r--|0|0|407492|1743695284|1743695284|1743695284|1743695284
0|/usr/lib/x86_64-linux-gnu/libz.so.2.60|700060|rw-r--r--|0|0|644161|1749642941|1749642941|1749642941|1749642941
0|/usr/lib/x86_64-linux-gnu/libz.so.3.46|700046|rw-r--r--|0|0|694621|1750174714|1750174714|1750174714|1750174714
0|/usr/lib/x86_64-linux-gnu/libz.so.4.20|700020|rw-r--r--|0|0|297418|1738419158|1738419158|1738419158|1738419158
0|/usr/lib/x86_64-linux-gnu/libz.so.5.104|700104|rw-r--r--|0|0|28334|1739463692|1739463692|1739463692|1739463692
0|/usr/lib/x86_64-linux-gnu/libz.so.5.121|700121|rw-r--r--|0|0|769244|1747483625|1747483625|1747483625|1747483625
0|/usr/lib/x86_64-linux-gnu/libz.so.8.12|700012|rw-r--r--|0|0|460978|1743764825|1743764825|1743764825|1743764825
0|/usr/lib/x86_64-linux-gnu/libz.so.8.34|700034|rw-r--r--|0|0|380414|1757595572|1757595572|1757595572|1757595572
0|/var/log/auth.log|524300|rw-r-----|0|4|27395|1760692844|1760692844|1760692844|1760572801
0|/var/spool/cron/crontabs/root|262201|rw-------|0|102|169|1760671021|1743501737|1743501737|1743501737
0|/var/spool/cron/crontabs/www-data|262311|rw-------|33|102|246|1760692201|1760652242|1760652242|1760652242
0|/var/www/.bash_history|393460|rw-------|33|33|0|1760652310|1760652310|1760652310|1739266200
0|/var/www/html/README.md|393612|rw-r--r--|33|33|145|1760648582|1739266800|1739266800|1739266800
0|/var/www/html/index.php|393610|rw-r--r--|33|33|84|1760691673|1739266800|1739266800|1739266800
